24 + 8

0000 0000 0001 1000
0000 0000 0000 1000
-------------------
0000 0000 0010 0000   = 32

24 - 8

 0000 0000 0001 1000
-0000 0000 0000 1000
 -------------------
 0000 0000 0001 0000  = 16

 24 | 8 (OR)

 0000 0000 0001 1000
 0000 0000 0000 1000
--------------------
 0000 0000 0001 1000  = 24

 24 % 8 (AND)

 0000 0000 0001 1000
 0000 0000 0000 1000
--------------------
 0000 0000 0000 1000  = 8

  24 ^ 8 (XOR)

 0000 0000 0001 1000
 0000 0000 0000 1000
--------------------
 0000 0000 0001 0000  = 16

24 >> 2  (SHIFT right 2)

0000 0000 0001 1000
-------------------
0000 0000 0000 0110  = 6

24 << 2  (SHIFT left 2)

0000 0000 0001 1000
-------------------
0000 0000 0110 0000  = 96

~24 (NOT 24)

0000 0000 0001 1000
-------------------
1111 1111 1110 0111
-------------------
0000 0000 0001 1000  (neg)
0000 0000 0000 0001  (add)
-------------------
0000 0000 0001 1001  = -25
